95.048695
93.479916
127.473097
93.203491
99.806527
93.842776
99.565026
98.437178
103.339406
100.062142
95.564997
95.623484
94.768171
93.317054
99.955492
92.744382
154.894027
93.769374
103.787418
103.636000
106.014139
92.975431
98.682543
188.129679
91.068388
98.804940
97.293233
92.174865
102.480390
92.904954
99.526622
94.273825
91.097076
93.325290
93.613998
96.991668
96.053775
106.378653
97.124008
109.863413
103.119672
96.486529
105.141885
93.726728
100.165912
91.650935
186.741593
11440.032626
10000.548660
9888.556045
94.381022
111.080213
10561.603955
20261.789132
1099.582011
9621.480303
9838.458748
204.600511
210.987141
98.626115
108.668702
99.207993
105.036056
10004.597029
110.203704
277.067706
93.788400
215.344505
195.346308
149.682451
689.992225
18202.814837
690.808550
17914.153605
114.665607
112.114434
10098.107857
10172.486245
13052.329238
200.270996
187.429603
19436.494286
16768.324737
20165.667665
19268.998959
18855.743455
127.872727
104.454644
11458.340180
11073.927143
199.904486
202.036496
19432.080717
1044.901216
14219.868217
19236.924714
670.332784
205.692562
9965.825291
711.055160
12790.112319
232.615101
212.623984
11244.403259
186.395248
19515.256522
17047.962472
8726.588095
18578.033735
185.935000
379.997494
106.794937
210.201531
9697.062992
108.830409
9592.187683
10115.195783
8914.129518
18408.021472
105.455414
16026.280645
11002.233813
9757.356115
269.468992
96.916667
93.484127
99.795918
294.634454
180.675105
87.264317
10489.795455
9903.925581
8815.246512
21551.074766
97.289100
174.311005
94.941176
572.555000
11003.097938
9672.170103
22192.703125
107.162304
73.331579
299.613757
9194.952128
0.737968
74.537634
21704.393443
9204.077348
9806.950000
211.813559
177.642045
11347.988439
10129.982659
95.434524
11138.419162
11102.215569
10499.182927
1.303797
1.037975
77.670968
190.500000
20291.566434
10923.384615
10020.734266
11501.485714
10203.092857
10869.124088
9379.423358
10084.059259
11691.388060
10783.365672
10220.500000
9904.742424
11036.253846
11251.193277
9481.838983
14654.760684
9599.310345
99.672414
177.263158
10442.428571
9219.339286
9344.288288
15034.000000
74.000000
11460.885417
9957.260417
11083.957895
10365.273684
9911.621053
10963.741935
100.315217
9366.719101
8969.089888
9884.272727
273.400000
9513.392857
9209.409639
11214.890244
9744.121951
9716.390244
10297.625000
9268.392405
9712.858974
18356.859155
10557.408451
591.552239
10679.454545
10465.153846
10219.353846
9176.184615
20371.828125
39.825397
204.721311
9393.916667
306.322034
198.372881
21200.655172
14807.666667
11625.500000
11285.410714
11230.125000
11221.232143
10899.517857
10884.071429
10862.928571
10768.142857
10705.660714
10618.196429
10609.696429
10521.500000
10350.892857
10342.267857
10321.875000
10156.714286
10086.964286
10072.535714
9953.982143
9921.214286
9789.678571
9561.339286
9548.142857
9469.660714
9382.482143
9230.982143
9174.339286
9174.267857
9160.303571
9100.285714
9025.875000
8964.928571
8806.214286
8401.428571
546.750000
399.339286
187.250000
93.214286
102.836364
98.581818
84.381818
78.636364
72.685185
17210.615385
125.923077
105.769231
73.673077
9199.588235
182.294118
83.058824
101.660000
93.060000
84.120000
104.612245
9815.562500
8769.250000
7656.208333
235.062500
188.083333
126.041667
105.000000
103.354167
98.645833
150.829787
81.191489
22513.782609
123.608696
82.978261
280.844444
96.000000
182.952381
112.926829
1.205128
10012.513514
9401.594595
8842.270270
148.918919
110.432432
93.108108
9183.972222
184.333333
92.142857
1.454545
94.718750
90.666667
85.900000
399.931034
210.379310
201.965517
89.464286
18855.814815
226.407407
189.777778
11429.615385
9942.730769
438.153846
333.384615
158.807692
96.769231
83.115385
5319.791667
93.083333
9932.047619
6129.857143
6055.380952
89.100000
86.700000
8833.315789
160.210526
124.578947
117.263158
221.111111
122.833333
111.333333
105.444444
86.888889
245.235294
21302.500000
18632.000000
8161.800000
7122.333333
6593.800000
389.714286
2.785714
19912.909091
7823.909091
222.181818
19588.000000
17782.700000
13883.100000
9398.000000
6377.000000
9865.777778
7140.000000
6318.888889
6130.666667
718.555556
315.777778
276.000000
260.111111
209.555556
183.555556
15127.000000
9911.875000
9493.500000
9361.250000
206.125000
201.625000
78.375000
7701.571429
6719.428571
220.714286
98.571429
80.285714
9643.500000
9235.666667
5423.833333
382.833333
187.833333
2.666667
21213.400000
13939.400000
9523.000000
9477.600000
6784.600000
6489.400000
6062.000000
5755.400000
369.200000
262.800000
262.400000
134.000000
18737.250000
9711.750000
8572.000000
5981.250000
903.250000
343.500000
135.250000
120.250000
11.500000
15717.000000
14902.666667
7145.666667
6846.666667
6685.666667
6598.000000
6139.000000
5887.666667
703.666667
215.000000
124.000000
9894.500000
532.500000
527.000000
145.000000
21921.000000
9071.000000
8176.000000
8055.000000
6939.000000
6670.000000
1695.000000
657.000000
635.000000
496.000000
419.000000
321.000000
257.000000
252.000000
171.000000
169.000000
98.000000
89.000000
